9.053788781166076660e-01
8.980116248130798340e-01
8.552522659301757812e-01
9.005740284919738770e-01
8.922862410545349121e-01
8.849304914474487305e-01
9.172760844230651855e-01
9.134634137153625488e-01
9.182996153831481934e-01
8.662898540496826172e-01
9.064461588859558105e-01
9.006710648536682129e-01
8.921967744827270508e-01
9.253613352775573730e-01
9.225817918777465820e-01
9.175710082054138184e-01
8.831941485404968262e-01
8.939423561096191406e-01
8.846091628074645996e-01
9.097973704338073730e-01
9.029223918914794922e-01
9.114597439765930176e-01
9.066781997680664062e-01
8.838201165199279785e-01
9.073058962821960449e-01
8.895444869995117188e-01
9.004608392715454102e-01
9.072072505950927734e-01
9.065166711807250977e-01
9.133989214897155762e-01
8.773615360260009766e-01
9.203188419342041016e-01
8.660819530487060547e-01
8.831143379211425781e-01
9.044830799102783203e-01
9.048421978950500488e-01
9.301008582115173340e-01
8.903818726539611816e-01
9.042246341705322266e-01
9.077335596084594727e-01
9.076101779937744141e-01
9.180145859718322754e-01
9.193298816680908203e-01
9.129239916801452637e-01
8.852287530899047852e-01
9.052782654762268066e-01
9.024113416671752930e-01
8.951255679130554199e-01
9.121845960617065430e-01
8.965833187103271484e-01
8.990534543991088867e-01
8.852995038032531738e-01
9.000213146209716797e-01
8.899723291397094727e-01
9.075319170951843262e-01
9.022325277328491211e-01
8.987166285514831543e-01
9.154616594314575195e-01
8.921601176261901855e-01
9.147003293037414551e-01
9.259524345397949219e-01
9.063227772712707520e-01
9.085525870323181152e-01
9.030536413192749023e-01
8.937780857086181641e-01
8.863524198532104492e-01
9.041028618812561035e-01
8.942543864250183105e-01
8.934848308563232422e-01
9.074145555496215820e-01
9.146474599838256836e-01
9.146438837051391602e-01
8.834604024887084961e-01
9.242147803306579590e-01
8.982728719711303711e-01
8.763631582260131836e-01
9.252968430519104004e-01
9.202135801315307617e-01
9.265106320381164551e-01
8.913286924362182617e-01
9.006861448287963867e-01
9.048147797584533691e-01
8.960999846458435059e-01
9.142174720764160156e-01
8.974561691284179688e-01
9.199392795562744141e-01
8.993403315544128418e-01
9.309892654418945312e-01
8.733478784561157227e-01
8.778482079505920410e-01
9.158325195312500000e-01
9.003183245658874512e-01
8.972048759460449219e-01
8.821646571159362793e-01
9.235286712646484375e-01
9.082460999488830566e-01
8.994846343994140625e-01
9.057329893112182617e-01
9.235779643058776855e-01
9.010503888130187988e-01
