9.664214253425598145e-01
9.587817788124084473e-01
9.512793421745300293e-01
9.733952283859252930e-01
9.362064599990844727e-01
9.599578380584716797e-01
9.666194915771484375e-01
9.672662019729614258e-01
9.670899510383605957e-01
9.559828639030456543e-01
9.702899456024169922e-01
9.354831576347351074e-01
9.638349413871765137e-01
9.658405780792236328e-01
9.661200642585754395e-01
9.572683572769165039e-01
9.625657796859741211e-01
9.685169458389282227e-01
9.385064840316772461e-01
9.622595310211181641e-01
9.603265523910522461e-01
9.663708806037902832e-01
9.597157239913940430e-01
9.521217346191406250e-01
9.714839458465576172e-01
9.286907911300659180e-01
9.614270925521850586e-01
9.606701135635375977e-01
9.640325307846069336e-01
9.576597809791564941e-01
9.549301266670227051e-01
9.722222685813903809e-01
9.233007431030273438e-01
9.568642377853393555e-01
9.588525295257568359e-01
9.650070071220397949e-01
9.604608416557312012e-01
9.626666903495788574e-01
9.722880125045776367e-01
9.425208568572998047e-01
9.645766615867614746e-01
9.688390493392944336e-01
9.657451510429382324e-01
9.615508913993835449e-01
9.501873850822448730e-01
9.701738953590393066e-01
9.308301806449890137e-01
9.587639570236206055e-01
9.654000997543334961e-01
9.621501564979553223e-01
9.620082378387451172e-01
9.569263458251953125e-01
9.661217927932739258e-01
9.341524839401245117e-01
9.638561010360717773e-01
9.656628966331481934e-01
9.625282883644104004e-01
9.558264613151550293e-01
9.527835845947265625e-01
9.732760190963745117e-01
9.277800321578979492e-01
9.634937047958374023e-01
9.637809395790100098e-01
9.639834761619567871e-01
9.616591930389404297e-01
9.653146266937255859e-01
9.697111248970031738e-01
9.321540594100952148e-01
9.562066197395324707e-01
9.627664685249328613e-01
9.675019979476928711e-01
9.663971066474914551e-01
9.542522430419921875e-01
9.715624451637268066e-01
9.363993406295776367e-01
9.550693035125732422e-01
9.643386602401733398e-01
9.667309522628784180e-01
9.593769311904907227e-01
9.486032724380493164e-01
9.697601795196533203e-01
9.354405403137207031e-01
9.616426825523376465e-01
9.661123752593994141e-01
9.589501023292541504e-01
9.572363495826721191e-01
9.650363922119140625e-01
9.762688875198364258e-01
9.323669672012329102e-01
9.533139467239379883e-01
9.664288163185119629e-01
9.650955200195312500e-01
9.589724540710449219e-01
9.602923989295959473e-01
9.740636944770812988e-01
9.273372888565063477e-01
9.624614119529724121e-01
9.595822095870971680e-01
9.692649841308593750e-01
9.555115103721618652e-01
