9.941981434822082520e-01
9.906852841377258301e-01
9.953868985176086426e-01
9.942479729652404785e-01
1.003360152244567871e+00
9.899901747703552246e-01
9.924813508987426758e-01
9.925066232681274414e-01
9.898962974548339844e-01
9.970483779907226562e-01
9.947085380554199219e-01
1.001091361045837402e+00
9.929679036140441895e-01
9.930053949356079102e-01
9.927049279212951660e-01
9.940887093544006348e-01
9.902307987213134766e-01
9.939144849777221680e-01
1.003106951713562012e+00
9.921666979789733887e-01
9.930375218391418457e-01
9.934234619140625000e-01
9.940817356109619141e-01
9.971170425415039062e-01
9.934390187263488770e-01
1.006305932998657227e+00
9.930523633956909180e-01
9.921554923057556152e-01
9.938488602638244629e-01
9.951321482658386230e-01
9.972805976867675781e-01
9.948459267616271973e-01
1.014407873153686523e+00
9.914103746414184570e-01
9.897397756576538086e-01
9.943224787712097168e-01
9.936047792434692383e-01
9.906966686248779297e-01
9.943586587905883789e-01
1.004004836082458496e+00
9.942504763603210449e-01
9.931424260139465332e-01
9.917829036712646484e-01
9.911959171295166016e-01
9.982253313064575195e-01
9.927118420600891113e-01
1.005630016326904297e+00
9.909096956253051758e-01
9.915678501129150391e-01
9.920611381530761719e-01
9.898605346679687500e-01
9.947451353073120117e-01
9.942316412925720215e-01
1.000784039497375488e+00
9.919811487197875977e-01
9.922934770584106445e-01
9.921731352806091309e-01
9.947641491889953613e-01
9.964795112609863281e-01
9.944429993629455566e-01
1.012501955032348633e+00
9.930527210235595703e-01
9.929828047752380371e-01
9.916861057281494141e-01
9.902531504631042480e-01
9.904972314834594727e-01
9.951464533805847168e-01
1.004208683967590332e+00
9.880791306495666504e-01
9.923847317695617676e-01
9.932047128677368164e-01
9.891054630279541016e-01
9.955860972404479980e-01
9.928818941116333008e-01
1.001642704010009766e+00
9.896206259727478027e-01
9.922675490379333496e-01
9.938644170761108398e-01
9.933198690414428711e-01
9.970170855522155762e-01
9.940716624259948730e-01
1.006607770919799805e+00
9.921487569808959961e-01
9.923899173736572266e-01
9.917447566986083984e-01
9.953280091285705566e-01
9.909470081329345703e-01
9.944072961807250977e-01
1.000408649444580078e+00
9.889253973960876465e-01
9.909737110137939453e-01
9.933586716651916504e-01
9.928872585296630859e-01
9.956614971160888672e-01
9.938648343086242676e-01
1.009900450706481934e+00
9.917871356010437012e-01
9.909756183624267578e-01
9.941408634185791016e-01
9.949979782104492188e-01
