9.729472398757934570e-01
9.612671136856079102e-01
9.662709832191467285e-01
9.611778855323791504e-01
1.014439225196838379e+00
9.350465536117553711e-01
9.631164669990539551e-01
9.565556049346923828e-01
9.557862877845764160e-01
9.703986048698425293e-01
9.660806059837341309e-01
9.943425655364990234e-01
9.673022627830505371e-01
9.718102216720581055e-01
9.805370569229125977e-01
9.815269708633422852e-01
9.577612876892089844e-01
9.734681844711303711e-01
9.914525747299194336e-01
9.566625356674194336e-01
9.765256047248840332e-01
9.743534922599792480e-01
9.809821248054504395e-01
9.687938094139099121e-01
9.662383794784545898e-01
1.011755943298339844e+00
9.652871489524841309e-01
9.645661115646362305e-01
9.681728482246398926e-01
9.783604741096496582e-01
9.744628667831420898e-01
9.747145175933837891e-01
1.032799243927001953e+00
9.509481787681579590e-01
9.439001083374023438e-01
9.828057289123535156e-01
9.708578586578369141e-01
9.610875248908996582e-01
9.653840065002441406e-01
9.900184869766235352e-01
9.643188714981079102e-01
9.618473649024963379e-01
9.689082503318786621e-01
9.593953490257263184e-01
9.637414216995239258e-01
9.690008759498596191e-01
1.012280821800231934e+00
9.677865505218505859e-01
9.598492383956909180e-01
9.503072500228881836e-01
9.533141255378723145e-01
9.692845344543457031e-01
9.755707383155822754e-01
9.902203679084777832e-01
9.565626978874206543e-01
9.658849835395812988e-01
9.606854915618896484e-01
9.690878391265869141e-01
9.672832489013671875e-01
9.736676812171936035e-01
1.019957900047302246e+00
9.762837290763854980e-01
9.749423861503601074e-01
9.633572697639465332e-01
9.655064940452575684e-01
9.522757530212402344e-01
9.579268097877502441e-01
1.010210156440734863e+00
9.291312694549560547e-01
9.676902294158935547e-01
9.758235812187194824e-01
9.618936181068420410e-01
9.697251319885253906e-01
9.691312313079833984e-01
1.002327322959899902e+00
9.445183873176574707e-01
9.672597050666809082e-01
9.653739929199218750e-01
9.825119972229003906e-01
9.572897553443908691e-01
9.586194157600402832e-01
1.012345790863037109e+00
9.559202790260314941e-01
9.601151347160339355e-01
9.692539572715759277e-01
9.824604988098144531e-01
9.683808684349060059e-01
9.677673578262329102e-01
1.000178694725036621e+00
9.460139870643615723e-01
9.585001468658447266e-01
9.663993716239929199e-01
9.764276146888732910e-01
9.726498126983642578e-01
9.684979915618896484e-01
1.050331234931945801e+00
9.708451032638549805e-01
9.676049947738647461e-01
9.747817516326904297e-01
9.680742621421813965e-01
